1LJ8I11	29	17
1353501135514	6	32
64333522050	7	24
61HBG1F	24	24
15IFJ73C	21	6
1D34A1292	14	10
12111010202002020011	3	24
2158197315	10	23
14444041410212	5	10
3EPP4SP	32	32
ADA03JK	25	5
3IGNKP7	30	27
92N2B29	25	4
192210230	12	6
3103230301002101	4	26
A4267009	13	26
GA6H3D	31	17
53053133142	6	12
26423245026	7	15
4426282A2	12	24
2A658D80	16	8
QKJM3N	27	21
1NUNEQ2	31	24
1K8ABDD0	21	28
110111111101000000001011000	2	14
185B53370	15	8
3F2JC7M	23	36
DAJ65GD	21	8
1BE3C5IE	19	2
4216725048	9	17
F2352B	31	35
1125303155004	6	30
2PNCG0H	29	29
K0C5972	23	18
344961896	11	2
48AG473C	17	31
1R64NCK	28	33
2266865699	10	19
22312222333043	5	2
1L0041K	36	30
1010010111000100100001111110111	2	32
148B35203	13	27
111010011000110110000010110000	2	31
1EHC5A2	23	31
11101222122000002010	3	23
20424001033332	5	34
125IK623	23	30
1CBGJHKJ	21	9
679B6D3B	14	36
HD31JC1	24	3
290PP3N	27	13
12CC0DA20	14	24
448088538	12	22
15CFD9FF	19	25
1EIM3FR	31	20
273387479	13	10
AO8K626	26	23
2222020112122000011	3	36
300402443503	6	25
2FB8AH4	21	2
136006521203	7	33
3N4PF9D	29	20
30B5344I	20	35
22633460020	7	16
6712170605	8	26
1ADNAKB	30	21
24FQ1PN	31	3
138GFY2	36	24
D6C7BEB5	16	12
MOJHQE	29	8
1110110100010101100010001010111	2	14
1H3D42B9	20	21
EEGKAH2	21	36
430229490	10	16
BIC7KI5	25	31
344334123150	6	9
3792222176	10	4
23F49HHC	20	10
31100027052	8	7
58HOS3T	30	17
751JHC	29	6
272K4GC	32	11
6L1PAND	28	33
2RL4CRM	28	30
589105BA	12	36
2I59CRJ	30	31
K9I0H77	22	22
10202200001202120001	3	35
243BC2301	14	18
J6G8HG6	22	28
23550311311	6	5
EF1BBH7	20	31
41121666300	7	14
761937601	12	6
6KJFC5E	21	14
H153VE	33	4
55C28018	16	29
4226485803	9	13
1032252233113	6	32
24OC013	30	16
Z90ME4	36	27
14SE9VX	36	23
34725714775	8	12
11SBLJV	35	13
1100111100011011011001011000011	2	34
97F3F4	21	15
LQEYXM	36	9
24L6D1I	35	19
30RKCGS	31	19
191751B56	14	9
1230131011022000	4	2
1010100011010011001011011110010	2	28
807J2DC	25	17
544025551305	6	6
101100001100100101111101100101	2	14
KJBNNL	33	22
492MQKS	30	2
110110100011010010111101100000	2	22
8EL8DNB	27	9
24010123414324	5	32
3AMDOND	29	36
5A27B090	15	19
3BFFC9H	21	33
368KLBQ	31	4
23E6F15C	20	20
35464736637	8	7
1101011001010101000011110011000	2	33
E04055	29	29
1G6H22DC	18	5
1L4LR56	31	2
25D0PH2	34	9
333025401534	6	36
1GB9FND	31	3
18D4B3I2	22	19
17O2BOM	28	3
25GFA40B	19	22
AC25838C	15	11
90DA5752	16	12
1733346072	10	17
B87C87AA	14	2
2211321221110331	4	18
10000111011111011110011110110010	2	15
100121210000221010002	3	30
55A970157	12	13
3EJ6Q0G	29	22
18LQUIS	34	8
1DIX9DV	34	33
2210222200022111120	3	24
1V43VTV	32	27
962A0025	16	9
6H9OAE	25	5
90BF36E7	16	4
3ELCDI6	31	10
31HG42F6	20	18
1PUJ82Q	31	7
K0W9EM	35	30
49F68201	18	6
FE2BDMG	25	15
1010100001011010110101001110011	2	9
1FIONSK	30	15
2131030003102030	4	9
146456888	10	10
17W970Y	36	34
112023004111	7	10
264CA2F2	17	31
759B796B8	12	36
26346621221	8	3
9II48BM	27	6
8600G2M	25	30
57022BBD	16	25
2D0PF9G	28	33
E43LK3	31	13
HHMQR6	29	3
1011100111011110101011000110001	2	22
804962397	11	22
3A8849G	23	27
20231331432034	5	5
660511742	12	11
3IOE3GF	31	16
1020231211302300	4	18
2BBJ19B3	20	27
109EH1LB	22	32
2001001200201002020	3	23
2BIL36Q	30	20
24180845	12	22
21022121222221212012	3	31
D058929	22	28
262MWKF	35	10
214204P	30	30
ENCJ93L	24	26
37C31B19	16	13
56DAEDDE	16	15
GED219B	22	16
4D426493	17	4
10120012201211110112	3	29
35CIE001	19	4
78555BA78	12	34
433402431403	6	17
766C3E11	15	27
8AGBE6E8	17	6
22MH0G6	28	25
2022212122133220	4	30
1ABC6045	20	18
26Q9JEP	30	35
14513420300	8	32
10100111100011111110110100000	2	22
9BB68HM	26	6
11205688415	9	16
1CR38DO	32	32
744267019	11	21
867K2G	34	20
3KGMFE1	25	19
OE21GF	34	2
