59	41
5	15
56	43
35	35
25	31
15	25
48	38
31	55
11	60
52	19
31	56
59	13
52	51
18	19
20	19
27	38
23	7
14	50
5	49
11	23
5	59
56	50
24	62
49	5
25	28
53	55
37	50
31	29
31	43
14	41
51	23
35	39
4	30
9	16
31	55
4	39
5	54
39	38
39	55
59	43
17	2
45	3
12	2
3	28
55	8
59	35
62	45
2	51
10	9
20	23
15	32
3	8
55	38
25	55
18	57
57	44
24	36
24	50
29	41
51	18
35	50
2	38
37	32
48	29
43	58
6	43
7	50
55	36
14	20
59	33
29	50
13	20
40	47
10	36
58	30
61	21
9	15
36	29
9	56
2	12
60	23
3	23
10	31
28	51
15	26
44	20
21	21
55	38
37	13
24	6
53	35
10	53
35	15
54	12
30	4
50	54
49	60
56	17
35	29
35	6
19	11
28	38
35	10
5	9
47	44
24	7
55	30
59	39
6	47
31	30
42	18
57	45
56	6
34	29
37	45
20	10
43	22
19	56
34	12
24	42
56	57
2	62
17	45
35	9
31	41
43	46
31	26
54	31
36	45
30	50
12	24
17	2
20	19
43	52
52	53
12	42
13	28
18	4
52	51
43	62
30	45
29	62
28	53
38	7
52	27
25	34
40	59
50	47
8	41
59	36
38	33
35	28
21	17
57	54
6	48
36	36
34	37
57	31
58	60
37	49
47	27
7	61
54	36
38	59
7	40
48	27
56	61
13	12
8	4
2	27
3	3
9	41
33	19
43	4
10	36
8	41
60	17
9	38
6	27
20	14
3	45
27	20
61	46
49	60
26	28
49	7
48	4
41	18
25	17
53	12
30	47
36	43
24	57
21	14
25	41
18	13
43	40
47	39
39	4
38	24
51	36
24	8
22	50
55	27
30	58
51	19
12	22
59	52
42	60
45	21
25	51
22	54
20	9
44	55
45	38
30	62
4	48
54	50
29	46
56	59
28	51
27	51
14	34
2	48
23	31
6	38
30	20
47	28
